





(14,8)(14,9)(23,5)(23,6)(23,7)(23,7)(20,3)(20,4)(2,5)(2,7)(2,0)(2,1)(2,2)(2,3)(2,4)(2,5)(2,7)(20,0)(20,1)(23,7)(23,7)(23,8)(23,9)(14,8)(14,9)
(15,8)(15,9)(24,5)(24,6)(24,7)(24,7)(21,3)(21,4)(3,5)(3,7)(3,0)(3,1)(3,2)(3,3)(3,4)(3,5)(3,7)(21,0)(21,1)(24,7)(24,7)(24,8)(24,9)(15,8)(15,9)
(14,8)(14,9)(14,8)(14,9)(14,8)(14,9)(23,5)(23,6)(23,7)(23,7)(7,9)(7,10)(1,0)(7,11)(7,12)(23,7)(23,7)(23,8)(23,9)(14,8)(14,9)(14,8)(14,9)(14,8)(14,9)
(15,8)(15,9)(15,8)(15,9)(15,8)(15,9)(24,5)(24,6)(24,7)(24,7)(8,9)(8,10)(0,0)(8,11)(8,12)(24,7)(24,7)(24,8)(24,9)(15,8)(15,9)(15,8)(15,9)(15,8)(15,9)
(15,8)(15,9)(15,8)(15,9)(15,8)(15,9)(15,8)(15,9)(15,8)(15,9)(15,8)(15,9)(15,8)(15,9)(15,8)(15,9)(15,8)(15,9)(15,8)(15,9)(15,8)(15,9)(15,8)(15,9)(15,8)