(15,8)(15,9)(15,8)(15,9)(15,8)(15,9)(15,8)(15,9)(15,8)(15,9)(15,8)(15,9)(15,8)(15,9)(15,8)(15,9)(15,8)(15,9)(15,8)(15,9)(15,8)(15,9)(15,8)(15,9)(15,8)(15,9)(15,8)(15,9)(15,8)(15,9)(15,8)(15,9)
(15,8)(15,9)(15,8)(15,9)(20,5)(20,6)(20,7)(20,7)(20,7)(20,7)(20,7)(20,7)(20,7)(20,7)(20,7)(20,7)(20,7)(20,7)(20,7)(20,7)(20,7)(20,7)(20,7)(20,7)(20,7)(20,7)(20,8)(20,9)(15,8)(15,9)(15,8)(15,9)
(15,8)(15,9)(15,8)(15,9)(21,5)(21,6)(21,7)(21,7)(21,7)(21,7)(21,7)(21,7)(21,7)(21,7)(21,7)(21,7)(21,7)(21,7)(21,7)(21,7)(21,7)(21,7)(21,7)(21,7)(21,7)(21,7)(21,8)(21,9)(15,8)(15,9)(15,8)(15,9)

(15,8)(20,5)(20,6)(20,7)(23,3)(23,4)(3,8)(3,9)(3,9)(3,9)(3,9)(3,9)(3,9)(3,9)(3,9)(3,9)(3,9)(3,9)(3,9)(3,9)(3,9)(3,9)(3,9)(3,9)(3,9)(3,10)(23,0)(23,1)(20,7)(20,8)(20,9)(15,9)
(15,8)(21,5)(21,6)(21,7)(24,3)(24,4)(3,8)(3,9)(3,9)(3,9)(3,9)(3,9)(3,9)(3,9)(3,9)(3,9)(3,9)(3,9)(3,9)(3,9)(3,9)(3,9)(3,9)(3,9)(3,9)(3,10)(24,0)(24,1)(21,7)(21,8)(21,9)(15,9)

(15,8)(22,5)(22,6)(3,8)(3,9)(3,9)(3,9)(3,9)(3,9)(3,9)(3,9)(3,9)(3,9)(3,9)(3,9)(3,9)(3,9)(3,9)(3,9)(3,9)(3,9)(3,9)(3,9)(3,9)(3,9)(3,9)(3,9)(3,9)(3,10)(22,8)(22,9)(15,9)
(15,8)(22,5)(22,6)(3,8)(3,9)(3,9)(3,9)(3,9)(3,9)(3,9)(3,9)(3,9)(3,9)(3,9)(3,9)(3,9)(3,9)(3,9)(3,9)(3,9)(3,9)(3,9)(3,9)(3,9)(3,9)(3,9)(3,9)(3,9)(3,10)(22,8)(22,9)(15,9)
(15,8)(22,5)(22,6)(3,8)(3,9)(3,9)(3,9)(3,9)(3,9)(3,9)(3,9)(3,9)(3,9)(3,9)(3,9)(3,9)(3,9)(3,9)(3,9)(3,9)(3,9)(3,9)(3,9)(3,9)(3,9)(3,9)(3,9)(3,9)(3,10)(22,8)(22,9)(15,9)
(15,8)(22,5)(22,6)(3,8)(3,9)(3,9)(3,9)(3,9)(3,9)(3,9)(3,9)(9,0)(9,1)(9,1)(9,1)(9,1)(9,1)(9,1)(9,1)(9,1)(9,2)(3,9)(3,9)(3,9)(3,9)(3,9)(3,9)(3,9)(3,10)(22,8)(22,9)(15,9)
(15,8)(22,5)(22,6)(3,8)(3,9)(3,9)(3,9)(3,9)(3,9)(3,9)(3,9)(10,0)(4,9)(4,10)(4,10)(4,10)(4,10)(4,10)(4,10)(4,11)(10,2)(3,9)(3,9)(3,9)(3,9)(3,9)(3,9)(3,9)(3,10)(22,8)(22,9)(15,9)
(15,8)(22,5)(22,6)(3,8)(3,9)(3,9)(3,9)(3,9)(3,9)(3,9)(3,9)(10,0)(5,9)(5,10)(5,10)(5,10)(5,10)(5,10)(5,10)(5,11)(10,2)(3,9)(3,9)(3,9)(3,9)(3,9)(3,9)(3,9)(3,10)(22,8)(22,9)(15,9)
(15,8)(22,5)(22,6)(3,8)(3,9)(3,9)(3,9)(3,9)(3,9)(3,9)(3,9)(10,0)(5,9)(5,10)(5,10)(5,10)(5,10)(5,10)(5,10)(5,11)(10,2)(3,9)(3,9)(3,9)(3,9)(3,9)(3,9)(3,9)(3,10)(22,8)(22,9)(15,9)
(15,8)(22,5)(22,6)(3,8)(3,9)(3,9)(3,9)(3,9)(3,9)(3,9)(3,9)(10,0)(5,9)(5,10)(5,10)(5,10)(5,10)(5,10)(5,10)(5,11)(10,2)(3,9)(3,9)(3,9)(3,9)(3,9)(3,9)(3,9)(3,10)(22,8)(22,9)(15,9)
(15,8)(22,5)(22,6)(3,8)(3,9)(3,9)(3,9)(3,9)(3,9)(3,9)(3,9)(10,0)(6,9)(6,10)(6,10)(6,10)(6,10)(6,10)(6,10)(6,11)(10,2)(3,9)(3,9)(3,9)(3,9)(3,9)(3,9)(3,9)(3,10)(22,8)(22,9)(15,9)
(15,8)(22,5)(22,6)(3,8)(3,9)(3,9)(3,9)(3,9)(3,9)(3,9)(3,9)(11,0)(11,1)(11,1)(6,3)(6,4)(6,4)(6,5)(11,1)(11,1)(11,2)(3,9)(3,9)(3,9)(3,9)(3,9)(3,9)(3,9)(3,10)(22,8)(22,9)(15,9)
(15,8)(22,5)(22,6)(3,8)(3,9)(3,9)(3,9)(3,9)(3,9)(3,9)(3,9)(3,9)(3,9)(3,9)(6,3)(6,4)(6,4)(6,5)(3,9)(3,9)(3,9)(3,9)(3,9)(3,9)(3,9)(3,9)(3,9)(3,9)(3,10)(22,8)(22,9)(15,9)
(15,8)(22,5)(22,6)(3,8)(3,9)(3,9)(3,9)(3,9)(3,9)(3,9)(3,9)(3,9)(3,9)(3,9)(3,9)(3,9)(3,9)(3,9)(3,9)(3,9)(3,9)(3,9)(3,9)(3,9)(3,9)(3,9)(3,9)(3,9)(3,10)(22,8)(22,9)(15,9)
(15,8)(22,5)(22,6)(3,8)(3,9)(3,9)(3,9)(3,9)(3,9)(3,9)(3,9)(3,9)(3,9)(3,9)(3,9)(3,9)(3,9)(3,9)(3,9)(3,9)(3,9)(3,9)(3,9)(3,9)(3,9)(3,9)(3,9)(3,9)(3,10)(22,8)(22,9)(15,9)
(15,8)(22,5)(22,6)(3,8)(3,9)(3,9)(3,9)(3,9)(3,9)(3,9)(3,9)(3,9)(3,9)(3,9)(3,9)(3,9)(3,9)(3,9)(3,9)(3,9)(3,9)(3,9)(3,9)(3,9)(3,9)(3,9)(3,9)(3,9)(3,10)(22,8)(22,9)(15,9)
(15,8)(22,5)(22,6)(3,8)(3,9)(3,9)(3,9)(3,9)(3,9)(3,9)(3,9)(3,9)(3,9)(3,9)(3,9)(3,9)(3,9)(3,9)(3,9)(3,9)(3,9)(3,9)(3,9)(3,9)(3,9)(3,9)(3,9)(3,9)(3,10)(22,8)(22,9)(15,9)
(15,8)(22,5)(22,6)(3,8)(3,9)(3,9)(3,9)(3,9)(3,9)(3,9)(3,9)(3,9)(3,9)(3,9)(3,9)(3,9)(3,9)(3,9)(3,9)(3,9)(3,9)(3,9)(3,9)(3,9)(3,9)(3,9)(3,9)(3,9)(3,10)(22,8)(22,9)(15,9)
(15,8)(23,5)(23,6)(23,7)(20,3)(20,4)(3,8)(3,9)(3,9)(3,9)(3,9)(3,9)(3,9)(3,9)(3,9)(3,9)(3,9)(3,9)(3,9)(3,9)(3,9)(3,9)(3,9)(3,9)(3,9)(3,10)(20,0)(20,1)(23,7)(23,8)(23,9)(15,9)
(15,8)(24,5)(24,6)(24,7)(21,3)(21,4)(3,8)(3,9)(3,9)(3,9)(3,9)(3,9)(3,9)(3,9)(3,9)(3,9)(3,9)(3,9)(3,9)(3,9)(3,9)(3,9)(3,9)(3,9)(3,9)(3,10)(21,0)(21,1)(24,7)(24,8)(24,9)(15,9)
(15,8)(15,9)(15,8)(15,9)(23,5)(23,6)(23,7)(23,7)(23,7)(23,7)(23,7)(23,7)(23,7)(20,3)(20,4)(3,8)(3,9)(20,0)(20,1)(23,7)(23,7)(23,7)(23,7)(23,7)(23,7)(23,7)(23,8)(23,9)(15,8)(15,9)(15,8)(15,9)
(15,8)(15,9)(15,8)(15,9)(24,5)(24,6)(24,7)(24,7)(24,7)(24,7)(24,7)(24,7)(24,7)(21,3)(21,4)(3,8)(3,9)(21,0)(21,1)(24,7)(24,7)(24,7)(24,7)(24,7)(24,7)(24,7)(24,8)(24,9)(15,8)(15,9)(15,8)(15,9)
(15,8)(15,9)(15,8)(15,9)(15,8)(15,9)(15,8)(15,9)(15,8)(15,9)(15,8)(15,9)(15,8)(22,5)(22,6)(3,8)(3,9)(22,8)(22,9)(15,9)(15,8)(15,9)(15,8)(15,9)(15,8)(15,9)(15,8)(15,9)(15,8)(15,9)(15,8)(15,9)
(15,8)(15,9)(15,8)(15,9)(15,8)(15,9)(15,8)(15,9)(15,8)(15,9)(15,8)(15,9)(15,8)(22,5)(22,6)(3,8)(3,9)(22,8)(22,9)(15,9)(15,8)(15,9)(15,8)(15,9)(15,8)(15,9)(15,8)(15,9)(15,8)(15,9)(15,8)(15,9)
(15,8)(15,9)(15,8)(15,9)(15,8)(15,9)(15,8)(15,9)(15,8)(15,9)(15,8)(15,9)(15,8)(22,5)(22,6)(3,8)(3,9)(22,8)(22,9)(15,9)(15,8)(15,9)(15,8)(15,9)(15,8)(15,9)(15,8)(15,9)(15,8)(15,9)(15,8)(15,9)
(15,8)(15,9)(15,8)(15,9)(15,8)(15,9)(15,8)(15,9)(15,8)(15,9)(15,8)(15,9)(15,8)(22,5)(22,6)(3,8)(3,9)(22,8)(22,9)(15,9)(15,8)(15,9)(15,8)(15,9)(15,8)(15,9)(15,8)(15,9)(15,8)(15,9)(15,8)(15,9)
(15,8)(15,9)(15,8)(15,9)(15,8)(15,9)(15,8)(15,9)(15,8)(15,9)(15,8)(15,9)(15,8)(23,5)(23,6)(0,0)(0,0)(23,8)(23,9)(15,9)(15,8)(15,9)(15,8)(15,9)(15,8)(15,9)(15,8)(15,9)(15,8)(15,9)(15,8)(15,9)
(15,8)(15,9)(15,8)(15,9)(15,8)(15,9)(15,8)(15,9)(15,8)(15,9)(15,8)(15,9)(15,8)(24,5)(24,6)(0,0)(0,0)(24,8)(24,9)(15,9)(15,8)(15,9)(15,8)(15,9)(15,8)(15,9)(15,8)(15,9)(15,8)(15,9)(15,8)(15,9)
(15,8)(15,9)(15,8)(15,9)(15,8)(15,9)(15,8)(15,9)(15,8)(15,9)(15,8)(15,9)(15,8)(15,9)(15,8)(15,9)(15,8)(15,9)(15,8)(15,9)(15,8)(15,9)(15,8)(15,9)(15,8)(15,9)(15,8)(15,9)(15,8)(15,9)(15,8)(15,9)