(0,3) (0,3) (0,3) (0,3) (0,3) (0,3) (0,3) (0,3) (0,3) (0,3) (0,3) (0,3) (0,3) (0,3) (0,3) (0,3) (0,3) (0,3) (0,3) (0,3) (0,3) (0,3) (0,3) (0,3) (0,3) (0,3) (0,3) (19,7) (21,9) (21,10) (21,10) (21,10) (21,10)(21,10) (21,10) (21,10)
(0,3) (0,3) (0,3) (0,3) (0,3) (0,3) (0,3) (0,3) (0,3) (0,3) (0,3) (0,3) (0,3) (0,3) (0,3) (0,3) (0,3) (0,3) (0,3) (0,3) (0,3) (0,3) (0,3) (0,3) (0,3) (0,3) (0,3) (20,7) (21,9) (21,10) (2,9) (2,10) (21,10) (21,10) (21,10) (21,10)
(0,3) (0,3) (0,3) (0,3) (0,3) (0,3) (0,3) (0,3) (0,3) (0,3) (0,3) (0,3) (0,3) (0,3) (0,3) (0,3) (0,3) (0,3) (0,3) (0,3) (0,3) (0,3) (0,3) (0,3) (0,3) (0,3) (0,3) (0,3) (21,8) (22,10) (3,9) (3,10) (22,10) (22,10) (22,10) (22,10)
(0,3) (0,3) (0,3) (0,3) (0,3) (0,3) (0,3) (0,3) (0,3) (0,3) (0,3) (0,3) (0,3) (0,3) (0,3) (0,3) (0,3) (0,3) (0,3) (0,3) (0,3) (0,3) (0,3) (0,3) (0,3) (0,3) (0,3) (0,3) (0,3) (0,3) (0,3) (0,3) (0,3) (0,3) (0,3) (0,3)
(0,3) (0,3) (0,3) (0,3) (0,3) (0,3) (0,3) (0,3) (0,3) (0,3) (0,3) (0,3) (0,3) (0,3) (0,3) (0,3) (0,3) (0,3) (0,3) (0,3) (0,3) (0,3) (0,3) (0,3) (0,3) (0,3) (0,3) (0,3) (0,3) (0,3) (0,3) (0,3) (0,3) (0,3) (0,3) (0,3)
(0,3) (0,3) (0,3) (0,3) (0,3) (0,3) (0,3) (0,3) (0,3) (0,3) (0,3) (0,3) (0,3) (0,3) (0,3) (0,3) (0,3) (0,3) (0,3) (0,3) (0,3) (0,3) (0,3) (0,3) (0,3) (0,3) (0,3) (0,3) (0,3) (0,3) (0,3) (0,3) (0,3) (0,3) (0,3) (0,3)
(0,3) (0,3) (0,3) (0,3) (0,3) (0,3) (0,3) (0,3) (0,3) (0,3) (0,3) (0,3) (0,3) (0,3) (0,3) (0,3) (0,3) (0,3) (0,3) (0,3) (0,3) (0,3) (0,3) (0,3) (0,3) (0,3) (0,3) (0,3) (0,3) (0,3) (0,3) (0,3) (0,3) (0,3) (0,3) (0,3)
(0,3) (0,3) (0,3) (0,3) (0,3) (0,3) (0,3) (0,3) (0,3) (0,3) (0,3) (0,3) (0,3) (0,3) (0,3) (0,3) (0,3) (0,3) (0,3) (0,3) (0,3) (0,3) (0,3) (0,3) (0,3) (0,3) (0,3) (0,3) (0,3) (0,3) (0,3) (0,3) (0,3) (0,3) (0,3) (0,3)
(0,3) (0,3) (0,3) (0,3) (0,3) (0,3) (0,3) (0,3) (0,3) (0,3) (0,3) (0,3) (0,3) (0,3) (0,3) (0,3) (0,3) (0,3) (0,3) (0,3) (0,3) (0,3) (0,3) (0,3) (0,3) (0,3) (0,3) (0,3) (0,3) (0,3) (0,3) (0,3) (0,3) (0,3) (0,3) (0,3)
(0,3) (0,3) (0,3) (0,3) (0,3) (0,3) (0,3) (0,3) (0,3) (0,3) (0,3) (0,3) (0,3) (0,3) (0,3) (0,3) (0,3) (0,3) (0,3) (0,3) (0,3) (0,3) (0,3) (0,3) (0,3) (0,3) (0,3) (0,3) (0,3) (0,3) (0,3) (0,3) (0,3) (0,3) (0,3) (0,3)
(0,3) (0,3) (0,3) (0,3) (0,3) (0,3) (0,3) (0,3) (0,3) (0,3) (0,3) (0,10) (0,11) (1,0) (1,2) (0,3) (0,3) (0,3) (0,3) (0,3) (0,3) (0,3) (0,3) (0,3) (0,3) (0,3) (0,3) (0,3) (0,3) (0,3) (0,3) (0,3) (0,3) (0,3) (0,3) (0,3)
(0,3) (0,3) (0,3) (0,3) (0,3) (0,3) (0,3) (0,3) (0,3) (0,3) (0,3) (1,10) (1,11) (1,0) (1,2) (0,3) (0,3) (0,3) (0,3) (0,3) (0,3) (0,3) (0,3) (0,3) (0,3) (0,3) (0,3) (0,3) (0,3) (0,3) (0,3) (0,3) (0,3) (0,3) (0,3) (0,3)
(0,3) (0,3) (0,3) (0,3) (0,3) (0,3) (0,3) (0,3) (0,3) (0,3) (0,3) (0,3) (0,3) (0,3) (0,3) (0,3) (0,3) (0,3) (0,3) (0,3) (0,3) (0,3) (0,3) (0,3) (0,3) (0,3) (0,3) (0,3) (0,3) (0,3) (0,3) (0,3) (0,3) (0,3) (0,3) (0,3)
(0,3) (0,3) (0,3) (0,3) (0,3) (0,3) (0,3) (0,3) (0,3) (0,3) (0,3) (0,3) (0,3) (0,3) (0,3) (0,3) (0,3) (0,3) (0,3) (0,3) (0,3) (0,3) (0,3) (0,3) (0,3) (0,3) (0,3) (0,3) (0,3) (0,3) (0,3) (0,3) (0,3) (0,3) (0,3) (0,3)
(0,3) (0,3) (0,3) (0,3) (0,3) (0,3) (0,3) (0,3) (0,3) (0,3) (0,3) (0,3) (0,3) (0,3) (0,3) (0,3) (0,3) (0,3) (0,3) (0,3) (0,3) (0,3) (0,3) (0,3) (0,3) (0,3) (0,3) (0,3) (0,3) (0,3) (0,3) (0,3) (0,3) (0,3) (0,3) (0,3)
(0,3) (0,3) (0,3) (0,3) (0,3) (0,3) (0,3) (0,3) (0,3) (0,3) (0,3) (0,3) (0,3) (0,3) (0,3) (0,3) (0,3) (0,3) (0,3) (0,3) (0,3) (0,3) (0,3) (0,3) (0,3) (0,3) (0,3) (0,3) (0,3) (0,3) (0,3) (0,3) (0,3) (0,3) (0,3) (0,3)
(0,3) (0,3) (0,3) (0,3) (0,3) (0,3) (0,3) (0,3) (0,3) (0,3) (0,3) (0,3) (0,3) (0,3) (0,3) (0,3) (0,3) (0,3) (0,3) (0,3) (0,3) (0,3) (0,3) (0,3) (0,3) (0,3) (0,3) (0,3) (0,3) (0,3) (0,3) (0,3) (0,3) (0,3) (0,3) (0,3)
(0,3) (0,3) (0,3) (0,3) (0,3) (0,3) (0,3) (0,3) (0,3) (0,3) (0,3) (0,3) (0,3) (0,3) (0,3) (0,3) (0,3) (0,3) (0,3) (0,3) (0,3) (0,3) (0,3) (0,3) (0,3) (0,3) (0,3) (0,3) (0,3) (0,3) (0,3) (0,3) (0,3) (0,3) (0,3) (0,3)
(0,3) (0,3) (0,3) (0,3) (0,3) (0,3) (0,3) (0,3) (0,3) (0,3) (0,3) (0,3) (0,3) (0,3) (0,3) (0,3) (0,3) (0,3) (0,3) (0,3) (0,3) (0,3) (0,3) (0,3) (0,3) (0,3) (0,3) (0,3) (0,3) (0,3) (0,3) (0,3) (0,3) (0,3) (0,3) (0,3)
(0,3) (0,3) (0,3) (0,3) (0,3) (0,3) (0,3) (0,3) (0,3) (0,3) (0,3) (0,3) (0,3) (0,3) (0,3) (0,3) (0,3) (0,3) (0,3) (0,3) (0,3) (0,3) (0,3) (0,3) (0,3) (0,3) (0,3) (0,3) (0,3) (0,3) (0,3) (0,3) (0,3) (0,3) (0,3) (0,3)
(0,3) (0,3) (0,3) (0,3) (0,3) (0,3) (0,3) (0,3) (0,3) (0,3) (0,3) (0,3) (0,3) (0,3) (0,3) (0,3) (0,3) (0,3) (0,3) (0,3) (0,3) (0,3) (0,3) (0,3) (0,3) (0,3) (0,3) (0,3) (0,3) (0,3) (0,3) (0,3) (0,3) (0,3) (0,3) (0,3)
(0,3) (0,3) (0,3) (0,3) (0,3) (0,3) (0,3) (0,3) (0,3) (0,3) (0,3) (0,3) (0,3) (0,3) (0,3) (0,3) (0,3) (0,3) (0,3) (0,3) (0,3) (0,3) (0,3) (0,3) (0,3) (0,3) (0,3) (0,3) (0,3) (0,3) (0,3) (0,3) (0,3) (0,3) (0,3) (0,3)
(0,3) (0,3) (0,3) (0,3) (0,3) (0,3) (0,3) (0,3) (0,3) (0,3) (0,3) (0,3) (0,3) (0,3) (0,3) (0,3) (0,3) (0,3) (0,3) (0,3) (0,3) (0,3) (0,3) (0,3) (0,3) (0,3) (0,3) (0,3) (0,3) (0,3) (0,3) (0,3) (0,3) (0,3) (0,3) (0,3)
(0,3) (0,3) (0,3) (0,3) (0,3) (0,3) (0,3) (0,3) (0,3) (0,3) (0,3) (0,3) (0,3) (0,3) (0,3) (0,3) (0,3) (0,3) (0,3) (0,3) (0,3) (0,3) (0,3) (0,3) (0,3) (0,3) (0,3) (0,3) (0,3) (0,3) (0,3) (0,3) (0,3) (0,3) (0,3) (0,3)
(0,3) (0,3) (0,3) (0,3) (0,3) (0,3) (0,3) (0,3) (0,3) (0,3) (0,3) (0,3) (0,3) (0,3) (0,3) (0,3) (0,3) (0,3) (0,3) (0,3) (0,3) (0,3) (0,3) (0,3) (0,3) (0,3) (0,3) (0,3) (0,3) (0,3) (0,3) (0,3) (0,3) (0,3) (0,3) (0,3)
(0,3) (0,3) (0,3) (0,3) (0,3) (0,3) (0,3) (0,3) (0,3) (0,3) (0,3) (0,3) (0,3) (0,3) (0,3) (0,3) (0,3) (0,3) (0,3) (0,3) (0,3) (0,3) (0,3) (0,3) (0,3) (0,3) (0,3) (0,3) (0,3) (0,3) (0,3) (0,3) (0,3) (0,3) (0,3) (0,3)
(0,3) (0,3) (0,3) (0,3) (0,3) (0,3) (0,3) (0,3) (0,3) (0,3) (0,3) (0,3) (0,3) (0,3) (0,3) (0,3) (0,3) (0,3) (0,3) (0,3) (0,3) (0,3) (0,3) (0,3) (0,3) (0,3) (0,3) (0,3) (0,3) (0,3) (0,3) (0,3) (0,3) (0,3) (0,3) (0,3)
(0,3) (0,3) (0,3) (0,3) (0,3) (0,3) (0,3) (0,3) (0,3) (0,3) (0,3) (0,3) (0,3) (0,3) (0,3) (0,3) (0,3) (0,3) (0,3) (0,3) (0,3) (0,3) (0,3) (0,3) (0,3) (0,3) (0,3) (0,3) (0,3) (0,3) (0,3) (0,3) (0,3) (0,3) (0,3) (0,3)